INFO:tensorflow:tokens: [CLS] 20 岁 ， 感 觉 自 己 在 学 校 干 什 么 都 是 一 个 人 ， 没 有 朋 友 ， 好 孤 独 [SEP]
INFO:tensorflow:input_ids: 101 8113 2259 8024 2697 6230 5632 2346 1762 2110 3413 2397 784 720 6963 3221 671 702 782 8024 3766 3300 3301 1351 8024 1962 2109 4324 102 0
INFO:tensorflow:input_mask: 1 1 1 1 1 1 1 1 1 1 1 1 1 1 1 1 1 1 1 1 1 1 1 1 1 1 1 1 1 0
INFO:tensorflow:input_type_ids: 0 0 0 0 0 0 0 0 0 0 0 0 0 0 0 0 0 0 0 0 0 0 0 0 0 0 0 0 0 0
INFO:tensorflow:*** Example ***
INFO:tensorflow:unique_id: 0
INFO:tensorflow:tokens: [CLS] 毕 业 找 不 到 工 作 感 觉 生 活 失 去 希 望 [SEP]
INFO:tensorflow:input_ids: 101 3684 689 2823 679 1168 2339 868 2697 6230 4495 3833 1927 1343 2361 3307 102 0 0 0 0 0 0 0 0 0 0 0 0 0
INFO:tensorflow:input_mask: 1 1 1 1 1 1 1 1 1 1 1 1 1 1 1 1 1 0 0 0 0 0 0 0 0 0 0 0 0 0
INFO:tensorflow:input_type_ids: 0 0 0 0 0 0 0 0 0 0 0 0 0 0 0 0 0 0 0 0 0 0 0 0 0 0 0 0 0 0
[419, 727, 1000, 477, 926]
我很惆怅，因为想到以后毕业完不知道做什么，什么都不会，

欢迎加我关注，详谈，我们一起探讨，一起成长。 你对自己没有一个整体的认识不知道自己喜欢干什么能做什么，是吗？如果这样，我们确实需要认识自我，做好职业规划了。 这种迷茫和焦虑需要做调整，如果自己调整不过来，可咨询我 总有你喜欢的，总有适合你的。有需要可以关注我详细咨询。 不知道做什么，什么都不会。是什么原因，会给自己这样的评价呢？你现在需要重新认识自我，找到自己的长处。增强自信树立信心，然后就可以找到目标。 你喜欢做什么工作呢

INFO:tensorflow:*** Example ***
INFO:tensorflow:unique_id: 0
INFO:tensorflow:tokens: [CLS] 又 和 爸 妈 吵 架 了 永 远 不 被 理 解 [SEP]
INFO:tensorflow:input_ids: 101 1348 1469 4268 1968 1427 3373 749 3719 6823 679 6158 4415 6237 102 0 0 0 0 0 0 0 0 0 0 0 0 0 0 0
INFO:tensorflow:input_mask: 1 1 1 1 1 1 1 1 1 1 1 1 1 1 1 0 0 0 0 0 0 0 0 0 0 0 0 0 0 0
INFO:tensorflow:input_type_ids: 0 0 0 0 0 0 0 0 0 0 0 0 0 0 0 0 0 0 0 0 0 0 0 0 0 0 0 0 0 0
[308, 721, 179, 463, 477]
女 跟父母说话会烦躁 不知道为什么他们总是要对我说谎

请问您今年多大了？

INFO:tensorflow:*** Example ***
INFO:tensorflow:unique_id: 0
INFO:tensorflow:tokens: [CLS] 没 有 什 么 朋 友 一 个 人 去 超 市 真 的 好 孤 单 [SEP]
INFO:tensorflow:input_ids: 101 3766 3300 784 720 3301 1351 671 702 782 1343 6631 2356 4696 4638 1962 2109 1296 102 0 0 0 0 0 0 0 0 0 0 0
INFO:tensorflow:input_mask: 1 1 1 1 1 1 1 1 1 1 1 1 1 1 1 1 1 1 1 0 0 0 0 0 0 0 0 0 0 0
INFO:tensorflow:input_type_ids: 0 0 0 0 0 0 0 0 0 0 0 0 0 0 0 0 0 0 0 0 0 0 0 0 0 0 0 0 0 0
[1000, 412, 914, 543, 660]
20岁，感觉自己在学校干什么都是一个人，没有朋友，好孤独

是因为人际交往除了问题，才导致从有朋友陪伴变成没朋友，还是说一直都是独来独往，只是因为别人说这样不好，或者您自己也觉得这样不对，因此心里难过？ 听起来你目前由于人际交往关系方面的不顺畅，导致自己心情低落，能理解你目前苦恼的心情，很愿意通过做心理咨询帮助你分析疏导调整你的抑郁情绪。，改善你的交往关系。 人在世间上，本是独立，何求朋友，朋友只会陪你短暂时光，最后路还是自己走 将恐惧拒之门外，不依赖任何人，自己强大了才可以帮助跟你一样孤独走不出困境的人

INFO:tensorflow:*** Example ***
INFO:tensorflow:unique_id: 0
INFO:tensorflow:tokens: [CLS] 又 做 噩 梦 了 完 全 睡 不 着 精 神 状 态 很 差 [SEP]
INFO:tensorflow:input_ids: 101 1348 976 1691 3457 749 2130 1059 4717 679 4708 5125 4868 4307 2578 2523 2345 102 0 0 0 0 0 0 0 0 0 0 0 0
INFO:tensorflow:input_mask: 1 1 1 1 1 1 1 1 1 1 1 1 1 1 1 1 1 1 0 0 0 0 0 0 0 0 0 0 0 0
INFO:tensorflow:input_type_ids: 0 0 0 0 0 0 0 0 0 0 0 0 0 0 0 0 0 0 0 0 0 0 0 0 0 0 0 0 0 0
[539, 11, 116, 138, 33]
女 我最近老是头痛容易胡思乱想控制不住自己的情绪晚上失眠

心态崩了吗？ 你多大？最近遇到什么事情吗？ 从你的描述中，了解到因失眠备受困扰，你目前的状态持续多长时间了？